0.000e+00 0.000e+00 0.000e+00 0.000e+00
1.000e-12 0.000e+00 3.922e-05 3.674e-05 
2.000e-12 0.000e+00 5.966e-05 5.502e-05 
3.000e-12 0.000e+00 5.545e-05 5.050e-05 
4.000e-12 0.000e+00 4.097e-05 3.589e-05 
5.000e-12 0.000e+00 4.144e-05 3.656e-05 
6.000e-12 0.000e+00 1.417e-05 1.254e-05 
7.000e-12 0.000e+00 -8.742e-06 -6.735e-06 
8.000e-12 0.000e+00 -1.246e-05 -1.150e-05 
9.000e-12 0.000e+00 1.140e-05 1.040e-05 
1.000e-11 0.000e+00 3.894e-06 3.280e-06 
1.100e-11 0.000e+00 -9.285e-06 -8.871e-06 
1.200e-11 0.000e+00 5.328e-07 1.228e-06 
1.300e-11 0.000e+00 9.123e-06 1.014e-05 
1.400e-11 0.000e+00 -1.067e-06 -1.551e-06 
1.500e-11 0.000e+00 -8.400e-06 -1.074e-05 
1.600e-11 0.000e+00 -1.999e-07 -7.651e-07 
1.700e-11 0.000e+00 5.114e-06 7.113e-06 
1.800e-11 0.000e+00 -3.138e-07 8.268e-07 
1.900e-11 0.000e+00 -3.040e-06 -4.704e-06 
2.000e-11 0.000e+00 1.399e-06 1.196e-06 
2.100e-11 0.000e+00 2.232e-06 3.891e-06 
2.200e-11 0.000e+00 -2.437e-06 -4.485e-06 
2.300e-11 0.000e+00 -2.090e-06 -3.650e-06 
2.400e-11 0.000e+00 2.142e-06 4.687e-06 
2.500e-11 0.000e+00 2.933e-06 4.326e-06 
2.600e-11 0.000e+00 -9.975e-07 -2.067e-06 
2.700e-11 0.000e+00 -2.266e-06 -2.755e-06 
2.800e-11 0.000e+00 3.168e-06 4.443e-06 
2.900e-11 0.000e+00 2.482e-06 2.826e-06 
3.000e-11 0.000e+00 -2.902e-06 -4.267e-06 
3.100e-11 0.000e+00 -1.724e-06 -2.122e-06 
3.200e-11 0.000e+00 1.921e-06 2.943e-06 
3.300e-11 0.000e+00 -2.639e-07 -6.930e-07 
3.400e-11 0.000e+00 -2.244e-06 -3.170e-06 
3.500e-11 0.000e+00 9.031e-07 1.892e-06 
3.600e-11 0.000e+00 -1.184e-07 -8.517e-07 
3.700e-11 0.000e+00 -1.713e-06 -3.072e-06 
3.800e-11 0.000e+00 1.161e-06 2.415e-06 
3.900e-11 0.000e+00 3.052e-06 4.584e-06 
4.000e-11 5.170e-18 -6.439e-07 -1.400e-06 
4.100e-11 1.600e-04 2.633e-06 8.395e-08 
4.200e-11 3.200e-04 2.854e-05 2.709e-05 
4.300e-11 4.800e-04 6.437e-05 6.036e-05 
4.400e-11 6.400e-04 1.052e-04 9.379e-05 
4.500e-11 8.000e-04 2.218e-04 1.954e-04 
4.600e-11 8.000e-04 3.048e-04 2.199e-04 
4.700e-11 8.000e-04 6.942e-04 3.416e-04 
4.800e-11 8.000e-04 1.320e-03 1.276e-03 
4.900e-11 6.400e-04 1.063e-03 1.806e-03 
5.000e-11 4.800e-04 1.333e-03 1.355e-03 
5.100e-11 3.200e-04 1.440e-03 1.175e-03 
5.200e-11 1.600e-04 3.219e-04 -6.724e-05 
5.300e-11 0.000e+00 -2.289e-04 -4.356e-04 
5.400e-11 0.000e+00 -6.252e-04 7.989e-05 
5.500e-11 0.000e+00 1.436e-04 -1.804e-06 
5.600e-11 0.000e+00 1.217e-04 -6.696e-05 
5.700e-11 0.000e+00 -1.798e-04 8.596e-05 
5.800e-11 0.000e+00 9.090e-05 -6.636e-05 
5.900e-11 0.000e+00 1.378e-06 1.109e-05 
6.000e-11 0.000e+00 -4.360e-05 3.267e-05 
6.100e-11 0.000e+00 3.741e-05 -4.039e-05 
6.200e-11 0.000e+00 -8.177e-06 1.136e-05 
6.300e-11 0.000e+00 -1.594e-05 1.951e-05 
6.400e-11 0.000e+00 2.101e-05 -2.512e-05 
6.500e-11 0.000e+00 -1.049e-05 7.613e-06 
6.600e-11 0.000e+00 -4.539e-06 1.090e-05 
6.700e-11 0.000e+00 1.110e-05 -1.356e-05 
6.800e-11 0.000e+00 -6.591e-06 3.947e-06 
6.900e-11 0.000e+00 3.905e-08 3.131e-06 
7.000e-11 0.000e+00 2.642e-06 -2.139e-06 
7.100e-11 0.000e+00 -1.269e-06 -4.429e-07 
7.200e-11 0.000e+00 -7.067e-07 3.920e-07 
7.300e-11 0.000e+00 1.659e-06 1.992e-06 
7.400e-11 0.000e+00 -1.458e-07 -6.812e-07 
7.500e-11 0.000e+00 -1.734e-06 -3.095e-06 
7.600e-11 0.000e+00 2.231e-07 1.289e-06 
7.700e-11 0.000e+00 1.192e-06 2.142e-06 
7.800e-11 0.000e+00 -5.868e-07 -1.557e-06 
7.900e-11 0.000e+00 -2.463e-06 -3.789e-06 
8.000e-11 0.000e+00 4.008e-07 1.113e-06 
8.100e-11 0.000e+00 2.937e-06 4.351e-06 
8.200e-11 0.000e+00 -1.340e-07 -9.601e-07 
8.300e-11 0.000e+00 -1.416e-06 -2.226e-06 
8.400e-11 0.000e+00 1.430e-07 8.848e-07 
8.500e-11 0.000e+00 1.134e-06 2.445e-06 
8.600e-11 0.000e+00 1.006e-06 1.144e-06 
8.700e-11 0.000e+00 -6.949e-07 -1.504e-06 
8.800e-11 0.000e+00 -6.908e-07 -1.848e-06 
8.900e-11 0.000e+00 1.620e-06 -7.623e-07 
9.000e-11 0.000e+00 -8.030e-07 5.837e-07 
9.100e-11 0.000e+00 -4.028e-06 7.263e-07 
9.200e-11 0.000e+00 1.174e-07 -5.673e-08 
9.300e-11 0.000e+00 4.031e-06 4.498e-07 
9.400e-11 0.000e+00 -3.389e-08 -3.752e-07 
9.500e-11 0.000e+00 -4.728e-06 -2.565e-06 
9.600e-11 0.000e+00 2.235e-07 6.275e-07 
9.700e-11 0.000e+00 4.532e-06 3.097e-06 
9.800e-11 0.000e+00 -1.180e-06 -2.766e-06 
9.900e-11 0.000e+00 -3.826e-06 -3.745e-06 
1.000e-10 0.000e+00 1.260e-06 2.591e-06 
1.010e-10 0.000e+00 4.091e-06 3.875e-06 
1.020e-10 0.000e+00 -7.335e-08 -1.066e-07 
1.030e-10 0.000e+00 -4.321e-06 -3.134e-06 
1.040e-10 0.000e+00 5.094e-08 3.545e-07 
1.050e-10 0.000e+00 3.876e-06 3.060e-06 
1.060e-10 0.000e+00 -6.309e-08 -1.009e-06 
1.070e-10 0.000e+00 -1.560e-06 -2.114e-06 
1.080e-10 0.000e+00 6.625e-07 -4.770e-07 
1.090e-10 0.000e+00 3.091e-08 1.256e-06 
1.100e-10 0.000e+00 -8.303e-07 1.265e-06 
1.110e-10 0.000e+00 7.335e-07 -2.167e-06 
1.120e-10 0.000e+00 8.527e-08 -1.390e-06 
1.130e-10 0.000e+00 -1.614e-06 3.443e-06 
1.140e-10 0.000e+00 6.978e-07 3.269e-06 
1.150e-10 0.000e+00 1.943e-06 -1.910e-06 
1.160e-10 0.000e+00 -2.331e-06 -3.612e-06 
1.170e-10 0.000e+00 -1.373e-06 2.821e-07 
1.180e-10 0.000e+00 5.146e-06 4.004e-06 
1.190e-10 0.000e+00 3.448e-07 -4.628e-07 
1.200e-10 0.000e+00 -7.139e-06 -6.247e-06 
1.210e-10 0.000e+00 -8.178e-07 5.762e-09 
1.220e-10 0.000e+00 5.168e-06 5.309e-06 
1.230e-10 0.000e+00 6.165e-07 -1.241e-06 
1.240e-10 0.000e+00 -3.276e-06 -4.200e-06 
1.250e-10 0.000e+00 1.511e-07 3.008e-06 
1.260e-10 0.000e+00 3.054e-06 4.122e-06 
1.270e-10 0.000e+00 3.713e-07 -2.400e-06 
1.280e-10 0.000e+00 -1.143e-06 -5.567e-08 
1.290e-10 0.000e+00 5.965e-07 3.779e-06 
1.300e-10 0.000e+00 1.281e-06 -2.255e-06 
1.310e-10 0.000e+00 -7.009e-07 -3.938e-06 
1.320e-10 0.000e+00 -2.054e-06 1.896e-06 
1.330e-10 0.000e+00 1.717e-07 2.124e-06 
1.340e-10 0.000e+00 2.549e-06 -3.555e-07 
1.350e-10 0.000e+00 -6.046e-07 -9.088e-07 
1.360e-10 0.000e+00 -4.189e-06 -1.357e-06 
1.370e-10 0.000e+00 9.082e-08 7.567e-08 
1.380e-10 0.000e+00 5.035e-06 2.706e-06 
1.390e-10 0.000e+00 7.168e-07 9.947e-09 
1.400e-10 0.000e+00 -4.149e-06 -3.182e-06 
1.410e-10 0.000e+00 1.197e-06 2.304e-06 
1.420e-10 0.000e+00 4.171e-06 3.828e-06 
1.430e-10 0.000e+00 -1.517e-06 -2.466e-06 
1.440e-10 0.000e+00 -4.266e-06 -4.156e-06 
1.450e-10 0.000e+00 1.025e-07 2.360e-07 
1.460e-10 0.000e+00 4.340e-06 4.003e-06 
1.470e-10 0.000e+00 -4.373e-08 -5.644e-07 
1.480e-10 0.000e+00 -5.175e-06 -6.056e-06 
1.490e-10 0.000e+00 -6.648e-07 -1.515e-08 
1.500e-10 0.000e+00 4.917e-06 6.860e-06 
1.510e-10 0.000e+00 2.199e-06 2.553e-06 
1.520e-10 0.000e+00 -2.514e-06 -3.671e-06 
1.530e-10 0.000e+00 -2.271e-06 -3.059e-06 
1.540e-10 0.000e+00 2.479e-07 8.685e-07 
1.550e-10 0.000e+00 1.782e-06 3.251e-06 
1.560e-10 0.000e+00 -1.326e-07 -7.699e-07 
1.570e-10 0.000e+00 -1.901e-06 -3.482e-06 
1.580e-10 0.000e+00 1.247e-06 2.618e-06 
1.590e-10 0.000e+00 2.357e-06 3.680e-06 
1.600e-10 0.000e+00 -1.021e-06 -2.545e-06 
1.610e-10 0.000e+00 -1.643e-06 -2.692e-06 
1.620e-10 0.000e+00 -2.856e-07 5.116e-08 
1.630e-10 0.000e+00 7.423e-08 4.248e-07 
1.640e-10 0.000e+00 1.351e-06 2.048e-06 
1.650e-10 0.000e+00 -1.983e-07 -7.146e-07 
1.660e-10 0.000e+00 -2.061e-06 -3.085e-06 
1.670e-10 0.000e+00 4.156e-07 1.196e-06 
1.680e-10 0.000e+00 1.353e-06 2.118e-06 
1.690e-10 0.000e+00 3.793e-07 4.477e-07 
1.700e-10 0.000e+00 -6.047e-07 -1.272e-06 
1.710e-10 0.000e+00 -7.183e-07 -1.248e-06 
1.720e-10 0.000e+00 1.142e-06 2.523e-06 
1.730e-10 0.000e+00 1.193e-06 1.706e-06 
1.740e-10 0.000e+00 -1.523e-06 -3.962e-06 
1.750e-10 0.000e+00 -2.811e-06 -4.407e-06 
1.760e-10 0.000e+00 2.358e-07 3.271e-06 
1.770e-10 0.000e+00 2.525e-06 4.309e-06 
1.780e-10 0.000e+00 4.055e-07 -2.717e-06 
1.790e-10 0.000e+00 -1.278e-06 -1.966e-06 
1.800e-10 0.000e+00 1.043e-07 1.416e-06 
1.810e-10 0.000e+00 2.347e-06 1.063e-06 
1.820e-10 0.000e+00 -8.001e-07 -2.605e-07 
1.830e-10 0.000e+00 -4.879e-06 -1.899e-06 
1.840e-10 0.000e+00 1.718e-07 3.025e-07 
1.850e-10 0.000e+00 5.381e-06 3.868e-06 
1.860e-10 0.000e+00 3.404e-07 -6.254e-07 
1.870e-10 0.000e+00 -3.917e-06 -4.027e-06 
1.880e-10 0.000e+00 4.202e-07 1.111e-06 
1.890e-10 0.000e+00 1.768e-06 6.029e-07 
1.900e-10 0.000e+00 -1.417e-06 -2.639e-06 
1.910e-10 0.000e+00 -5.336e-08 7.860e-07 
1.920e-10 0.000e+00 1.354e-06 2.158e-06 
1.930e-10 0.000e+00 -2.186e-06 -1.803e-06 
1.940e-10 0.000e+00 -1.838e-06 -2.251e-06 
1.950e-10 0.000e+00 3.326e-06 2.673e-06 
1.960e-10 0.000e+00 3.522e-06 4.724e-06 
1.970e-10 0.000e+00 -2.354e-06 -8.214e-07 
1.980e-10 0.000e+00 -4.498e-06 -5.963e-06 
1.990e-10 0.000e+00 1.345e-06 -1.608e-06 
2.000e-10 0.000e+00 4.689e-06 6.030e-06 
2.010e-10 0.000e+00 1.088e-07 4.279e-06 
2.020e-10 0.000e+00 -3.741e-06 -5.302e-06 
2.030e-10 0.000e+00 -7.522e-07 -4.181e-06 
2.040e-10 0.000e+00 3.245e-06 6.538e-06 
2.050e-10 0.000e+00 6.923e-07 1.915e-06 
2.060e-10 0.000e+00 -3.790e-06 -9.159e-06 
2.070e-10 0.000e+00 -5.811e-07 -3.193e-07 
2.080e-10 0.000e+00 4.802e-06 1.069e-05 
2.090e-10 0.000e+00 7.429e-07 4.227e-07 
2.100e-10 0.000e+00 -5.331e-06 -1.032e-05 
2.110e-10 0.000e+00 -9.535e-07 -6.195e-07 
2.120e-10 0.000e+00 5.351e-06 9.753e-06 
2.130e-10 0.000e+00 9.127e-07 4.883e-07 
2.140e-10 0.000e+00 -5.445e-06 -9.556e-06 
2.150e-10 0.000e+00 -9.405e-07 -5.215e-07 
2.160e-10 0.000e+00 5.395e-06 9.246e-06 
2.170e-10 0.000e+00 9.330e-07 4.919e-07 
2.180e-10 0.000e+00 -5.316e-06 -9.010e-06 
2.190e-10 0.000e+00 -9.188e-07 -4.904e-07 
2.200e-10 0.000e+00 5.217e-06 8.763e-06 
2.210e-10 0.000e+00 9.020e-07 4.692e-07 
2.220e-10 0.000e+00 -5.104e-06 -8.545e-06 
2.230e-10 0.000e+00 -8.836e-07 -4.662e-07 
2.240e-10 0.000e+00 4.986e-06 8.318e-06 
2.250e-10 0.000e+00 8.617e-07 4.462e-07 
2.260e-10 0.000e+00 -4.869e-06 -8.116e-06 
2.270e-10 0.000e+00 -8.432e-07 -4.427e-07 
2.280e-10 0.000e+00 4.749e-06 7.904e-06 
2.290e-10 0.000e+00 8.204e-07 4.242e-07 
2.300e-10 0.000e+00 -3.471e-06 -5.719e-06 
2.310e-10 0.000e+00 7.295e-07 2.233e-06 
2.320e-10 0.000e+00 2.040e-06 2.980e-06 
2.330e-10 0.000e+00 -2.947e-06 -6.290e-06 
2.340e-10 0.000e+00 -1.522e-06 -1.507e-06 
2.350e-10 0.000e+00 4.142e-06 8.489e-06 
2.360e-10 0.000e+00 8.284e-07 4.172e-07 
2.370e-10 0.000e+00 -5.215e-06 -9.520e-06 
2.380e-10 0.000e+00 -7.903e-07 -3.767e-07 
2.390e-10 0.000e+00 5.446e-06 9.429e-06 
2.400e-10 0.000e+00 9.854e-07 5.557e-07 
2.410e-10 0.000e+00 -5.226e-06 -8.992e-06 
2.420e-10 0.000e+00 -8.868e-07 -4.722e-07 
2.430e-10 0.000e+00 5.228e-06 8.808e-06 
2.440e-10 0.000e+00 9.090e-07 4.716e-07 
2.450e-10 0.000e+00 -5.096e-06 -8.574e-06 
2.460e-10 0.000e+00 -8.798e-07 -4.695e-07 
2.470e-10 0.000e+00 4.995e-06 8.341e-06 
2.480e-10 0.000e+00 8.649e-07 4.458e-07 
2.490e-10 0.000e+00 -4.875e-06 -8.141e-06 
2.500e-10 0.000e+00 -8.432e-07 -4.448e-07 
2.510e-10 0.000e+00 4.760e-06 7.925e-06 
2.520e-10 0.000e+00 8.233e-07 4.249e-07 
2.530e-10 0.000e+00 -3.477e-06 -5.736e-06 
2.540e-10 0.000e+00 -3.956e-07 1.929e-07 
2.550e-10 0.000e+00 1.364e-06 2.189e-06 
2.560e-10 0.000e+00 2.158e-07 -3.448e-08 
2.570e-10 0.000e+00 2.599e-07 8.424e-07 
2.580e-10 0.000e+00 -4.282e-07 -1.128e-06 
2.590e-10 0.000e+00 -8.950e-07 -2.274e-06 
2.600e-10 0.000e+00 1.225e-06 3.382e-06 
2.610e-10 0.000e+00 1.702e-06 3.268e-06 
2.620e-10 0.000e+00 -1.595e-06 -4.982e-06 
2.630e-10 0.000e+00 -3.306e-06 -5.497e-06 
2.640e-10 0.000e+00 9.171e-08 2.480e-06 
2.650e-10 0.000e+00 2.436e-06 3.740e-06 
2.660e-10 0.000e+00 -5.989e-07 -2.346e-06 
2.670e-10 0.000e+00 -7.285e-07 -5.398e-07 
2.680e-10 0.000e+00 1.762e-06 3.578e-06 
2.690e-10 0.000e+00 -8.074e-07 -2.544e-06 
2.700e-10 0.000e+00 -2.470e-06 -4.374e-06 
2.710e-10 0.000e+00 7.914e-07 2.791e-06 
2.720e-10 0.000e+00 1.577e-06 2.893e-06 
2.730e-10 0.000e+00 -1.156e-06 -2.670e-06 
2.740e-10 0.000e+00 -8.085e-07 -1.630e-06 
2.750e-10 0.000e+00 2.436e-06 4.539e-06 
2.760e-10 0.000e+00 2.813e-06 4.759e-06 
2.770e-10 0.000e+00 -1.422e-06 -4.018e-06 
2.780e-10 0.000e+00 -3.939e-06 -6.810e-06 
2.790e-10 0.000e+00 5.524e-07 3.941e-06 
2.800e-10 0.000e+00 3.315e-06 5.672e-06 
2.810e-10 0.000e+00 -1.389e-06 -6.034e-06 
2.820e-10 0.000e+00 -3.248e-06 -4.537e-06 
2.830e-10 0.000e+00 1.179e-06 5.507e-06 
2.840e-10 0.000e+00 3.772e-06 3.243e-06 
2.850e-10 0.000e+00 5.472e-07 -1.493e-06 
2.860e-10 0.000e+00 -2.521e-06 -8.317e-07 
2.870e-10 0.000e+00 -2.770e-07 3.485e-08 
2.880e-10 0.000e+00 7.848e-07 8.845e-08 
2.890e-10 0.000e+00 -1.326e-06 -2.177e-06 
2.900e-10 0.000e+00 -9.913e-07 -1.267e-06 
2.910e-10 0.000e+00 1.828e-06 4.045e-06 
2.920e-10 0.000e+00 2.674e-06 3.976e-06 
2.930e-10 0.000e+00 -8.596e-07 -3.702e-06 
2.940e-10 0.000e+00 -2.582e-06 -4.033e-06 
2.950e-10 0.000e+00 1.298e-06 5.310e-06 
2.960e-10 0.000e+00 1.461e-06 1.701e-06 
2.970e-10 0.000e+00 -3.122e-06 -8.185e-06 
2.980e-10 0.000e+00 -6.106e-07 -2.450e-07 
2.990e-10 0.000e+00 4.822e-06 9.650e-06 
3.000e-10 0.000e+00 7.061e-07 3.977e-07 
3.010e-10 0.000e+00 -5.151e-06 -9.347e-06 
3.020e-10 0.000e+00 -9.536e-07 -5.639e-07 
3.030e-10 0.000e+00 4.974e-06 8.867e-06 
3.040e-10 0.000e+00 8.285e-07 4.505e-07 
3.050e-10 0.000e+00 -5.076e-06 -8.698e-06 
3.060e-10 0.000e+00 -8.897e-07 -4.718e-07 
3.070e-10 0.000e+00 4.951e-06 8.439e-06 
3.080e-10 0.000e+00 8.478e-07 4.527e-07 
3.090e-10 0.000e+00 -4.893e-06 -8.222e-06 
3.100e-10 0.000e+00 -8.508e-07 -4.449e-07 
3.110e-10 0.000e+00 4.773e-06 8.008e-06 
3.120e-10 0.000e+00 8.215e-07 4.303e-07 
3.130e-10 0.000e+00 -3.504e-06 -5.788e-06 
3.140e-10 0.000e+00 -4.180e-07 2.015e-07 
3.150e-10 0.000e+00 1.365e-06 2.211e-06 
3.160e-10 0.000e+00 2.168e-07 -3.917e-08 
3.170e-10 0.000e+00 2.160e-07 8.473e-07 
3.180e-10 0.000e+00 -4.083e-07 -1.140e-06 
3.190e-10 0.000e+00 -8.189e-07 -2.292e-06 
3.200e-10 0.000e+00 1.184e-06 3.410e-06 
3.210e-10 0.000e+00 1.641e-06 3.286e-06 
3.220e-10 0.000e+00 -1.535e-06 -5.025e-06 
3.230e-10 0.000e+00 -3.267e-06 -5.521e-06 
3.240e-10 0.000e+00 4.787e-08 2.509e-06 
3.250e-10 0.000e+00 2.424e-06 3.756e-06 
3.260e-10 0.000e+00 -5.773e-07 -2.352e-06 
3.270e-10 0.000e+00 -7.294e-07 -5.414e-07 
3.280e-10 0.000e+00 1.751e-06 3.579e-06 
3.290e-10 0.000e+00 -8.054e-07 -2.545e-06 
3.300e-10 0.000e+00 -2.463e-06 -4.375e-06 
3.310e-10 0.000e+00 7.887e-07 2.793e-06 
3.320e-10 0.000e+00 1.574e-06 2.895e-06 
3.330e-10 0.000e+00 -1.153e-06 -2.670e-06 
3.340e-10 0.000e+00 -8.084e-07 -1.630e-06 
3.350e-10 0.000e+00 2.431e-06 4.538e-06 
3.360e-10 0.000e+00 2.811e-06 4.759e-06 
3.370e-10 0.000e+00 -1.415e-06 -4.017e-06 
3.380e-10 0.000e+00 -3.936e-06 -6.809e-06 
3.390e-10 0.000e+00 5.446e-07 3.941e-06 
3.400e-10 0.000e+00 3.312e-06 5.670e-06 
3.410e-10 0.000e+00 -1.382e-06 -6.034e-06 
3.420e-10 0.000e+00 -3.247e-06 -4.535e-06 
3.430e-10 0.000e+00 1.174e-06 5.507e-06 
3.440e-10 0.000e+00 3.774e-06 3.239e-06 
3.450e-10 0.000e+00 5.497e-07 -1.493e-06 
3.460e-10 0.000e+00 -2.524e-06 -8.289e-07 
3.470e-10 0.000e+00 -2.770e-07 3.493e-08 
3.480e-10 0.000e+00 7.859e-07 8.757e-08 
3.490e-10 0.000e+00 -1.329e-06 -2.182e-06 
3.500e-10 0.000e+00 -9.932e-07 -1.269e-06 
3.510e-10 0.000e+00 1.833e-06 4.056e-06 
3.520e-10 0.000e+00 2.680e-06 3.985e-06 
3.530e-10 0.000e+00 -8.625e-07 -3.712e-06 
3.540e-10 0.000e+00 -2.588e-06 -4.042e-06 
3.550e-10 0.000e+00 1.302e-06 5.325e-06 
3.560e-10 0.000e+00 1.465e-06 1.706e-06 
3.570e-10 0.000e+00 -3.130e-06 -8.207e-06 
3.580e-10 0.000e+00 -6.123e-07 -2.456e-07 
3.590e-10 0.000e+00 4.834e-06 9.675e-06 
3.600e-10 0.000e+00 7.080e-07 3.989e-07 
3.610e-10 0.000e+00 -5.164e-06 -9.371e-06 
3.620e-10 0.000e+00 -9.561e-07 -5.654e-07 
3.630e-10 0.000e+00 4.987e-06 8.890e-06 
3.640e-10 0.000e+00 8.307e-07 4.516e-07 
3.650e-10 0.000e+00 -5.089e-06 -8.721e-06 
3.660e-10 0.000e+00 -8.920e-07 -4.730e-07 
3.670e-10 0.000e+00 4.964e-06 8.460e-06 
3.680e-10 0.000e+00 8.500e-07 4.538e-07 
3.690e-10 0.000e+00 -4.905e-06 -8.243e-06 
3.700e-10 0.000e+00 -8.530e-07 -4.461e-07 
3.710e-10 0.000e+00 4.785e-06 8.029e-06 
3.720e-10 0.000e+00 8.236e-07 4.314e-07 
3.730e-10 0.000e+00 -3.513e-06 -5.803e-06 
3.740e-10 0.000e+00 -4.192e-07 2.017e-07 
3.750e-10 0.000e+00 1.368e-06 2.217e-06 
3.760e-10 0.000e+00 2.175e-07 -3.909e-08 
3.770e-10 0.000e+00 2.169e-07 8.499e-07 
3.780e-10 0.000e+00 -4.095e-07 -1.143e-06 
3.790e-10 0.000e+00 -8.216e-07 -2.299e-06 
3.800e-10 0.000e+00 1.187e-06 3.419e-06 
3.810e-10 0.000e+00 1.646e-06 3.295e-06 
3.820e-10 0.000e+00 -1.540e-06 -5.039e-06 
3.830e-10 0.000e+00 -3.276e-06 -5.536e-06 
3.840e-10 0.000e+00 4.832e-08 2.516e-06 
3.850e-10 0.000e+00 2.430e-06 3.766e-06 
3.860e-10 0.000e+00 -5.790e-07 -2.358e-06 
3.870e-10 0.000e+00 -7.315e-07 -5.429e-07 
3.880e-10 0.000e+00 1.756e-06 3.589e-06 
3.890e-10 0.000e+00 -8.077e-07 -2.552e-06 
3.900e-10 0.000e+00 -2.470e-06 -4.388e-06 
3.910e-10 0.000e+00 7.909e-07 2.801e-06 
3.920e-10 0.000e+00 1.578e-06 2.903e-06 
3.930e-10 0.000e+00 -1.156e-06 -2.679e-06 
3.940e-10 0.000e+00 -8.108e-07 -1.635e-06 
3.950e-10 0.000e+00 2.438e-06 4.552e-06 
3.960e-10 0.000e+00 2.820e-06 4.773e-06 
3.970e-10 0.000e+00 -1.420e-06 -4.031e-06 
3.980e-10 0.000e+00 -3.948e-06 -6.830e-06 
3.990e-10 0.000e+00 5.467e-07 3.954e-06 
4.000e-10 0.000e+00 3.322e-06 5.688e-06 
4.010e-10 0.000e+00 -1.387e-06 -6.054e-06 
4.020e-10 0.000e+00 -3.258e-06 -4.550e-06 
4.030e-10 0.000e+00 1.177e-06 5.524e-06 
4.040e-10 0.000e+00 3.786e-06 3.251e-06 
4.050e-10 0.000e+00 5.516e-07 -1.498e-06 
4.060e-10 0.000e+00 -2.532e-06 -8.321e-07 
4.070e-10 0.000e+00 -2.780e-07 3.491e-08 
4.080e-10 0.000e+00 1.627e-06 2.074e-06 
4.090e-10 0.000e+00 -1.756e-07 -6.288e-07 
4.100e-10 0.000e+00 -1.179e-06 -3.139e-06 
4.110e-10 0.000e+00 -2.427e-08 1.456e-06 
4.120e-10 0.000e+00 9.547e-07 2.214e-06 
4.130e-10 0.000e+00 1.630e-06 1.881e-07 
4.140e-10 0.000e+00 -9.679e-07 -1.181e-06 
4.150e-10 0.000e+00 -2.154e-06 -1.093e-06 
4.160e-10 0.000e+00 2.716e-06 2.154e-06 
4.170e-10 0.000e+00 2.212e-06 1.713e-06 
4.180e-10 0.000e+00 -4.240e-06 -3.196e-06 
4.190e-10 0.000e+00 -4.174e-06 -4.416e-06 
4.200e-10 0.000e+00 3.626e-06 1.815e-06 
4.210e-10 0.000e+00 4.108e-06 4.207e-06 
4.220e-10 0.000e+00 -4.867e-06 -3.225e-06 
4.230e-10 0.000e+00 -4.114e-06 -4.697e-06 
4.240e-10 0.000e+00 3.506e-06 2.788e-06 
4.250e-10 0.000e+00 2.706e-06 5.385e-06 
4.260e-10 0.000e+00 -9.917e-07 7.396e-07 
4.270e-10 0.000e+00 -4.894e-08 -2.533e-06 
4.280e-10 0.000e+00 2.377e-06 5.756e-07 
4.290e-10 0.000e+00 -9.764e-08 4.383e-07 
4.300e-10 0.000e+00 -2.866e-06 -2.525e-06 
4.310e-10 0.000e+00 1.414e-06 2.200e-06 
4.320e-10 0.000e+00 3.068e-06 3.566e-06 
4.330e-10 0.000e+00 -1.410e-06 -2.395e-06 
4.340e-10 0.000e+00 -2.009e-06 -2.609e-06 
4.350e-10 0.000e+00 -1.279e-07 -3.448e-08 
4.360e-10 0.000e+00 9.885e-08 3.848e-07 
4.370e-10 0.000e+00 1.441e-06 2.336e-06 
4.380e-10 0.000e+00 -2.261e-07 -8.035e-07 
4.390e-10 0.000e+00 -2.306e-06 -3.509e-06 
4.400e-10 0.000e+00 4.814e-07 1.371e-06 
4.410e-10 0.000e+00 6.427e-07 4.284e-07 
4.420e-10 0.000e+00 -1.378e-06 -2.924e-06 
4.430e-10 0.000e+00 2.390e-07 8.790e-07 
4.440e-10 0.000e+00 1.272e-06 2.405e-06 
4.450e-10 0.000e+00 -1.209e-06 -1.966e-06 
4.460e-10 0.000e+00 -1.525e-06 -2.330e-06 
4.470e-10 0.000e+00 1.050e-06 1.909e-06 
4.480e-10 0.000e+00 1.323e-06 1.913e-06 
4.490e-10 0.000e+00 3.791e-07 3.270e-07 
4.500e-10 0.000e+00 9.896e-07 2.152e-06 
4.510e-10 0.000e+00 -2.807e-07 -7.745e-07 
4.520e-10 0.000e+00 -1.586e-06 -3.298e-06 
4.530e-10 0.000e+00 2.645e-07 1.344e-06 
4.540e-10 0.000e+00 1.194e-06 2.225e-06 
4.550e-10 0.000e+00 -7.055e-07 -1.571e-06 
4.560e-10 0.000e+00 -2.804e-06 -3.795e-06 
4.570e-10 0.000e+00 4.560e-07 1.094e-06 
4.580e-10 0.000e+00 3.291e-06 4.344e-06 
4.590e-10 0.000e+00 -5.335e-08 -9.711e-07 
4.600e-10 0.000e+00 -1.452e-06 -2.257e-06 
4.610e-10 0.000e+00 3.976e-08 9.426e-07 
4.620e-10 0.000e+00 8.285e-07 2.670e-06 
4.630e-10 0.000e+00 1.081e-06 1.185e-06 
4.640e-10 0.000e+00 -5.367e-07 -1.647e-06 
4.650e-10 0.000e+00 -2.580e-06 -1.398e-06 
4.660e-10 0.000e+00 4.366e-07 -6.502e-07 
4.670e-10 0.000e+00 2.380e-06 -1.112e-07 
4.680e-10 0.000e+00 -8.732e-07 5.753e-07 
4.690e-10 0.000e+00 2.918e-07 -1.107e-06 
4.700e-10 0.000e+00 1.728e-06 -1.615e-06 
4.710e-10 0.000e+00 -8.967e-07 1.413e-06 
4.720e-10 0.000e+00 -9.906e-07 3.548e-06 
4.730e-10 0.000e+00 7.422e-07 1.220e-06 
4.740e-10 0.000e+00 4.041e-07 -3.775e-06 
4.750e-10 0.000e+00 -2.007e-06 -3.908e-06 
4.760e-10 0.000e+00 -2.186e-06 3.225e-06 
4.770e-10 0.000e+00 1.378e-06 3.672e-06 
4.780e-10 0.000e+00 2.705e-06 -2.881e-06 
4.790e-10 0.000e+00 -6.712e-07 -1.556e-06 
4.800e-10 0.000e+00 -2.815e-06 1.568e-06 
4.810e-10 0.000e+00 7.016e-07 1.642e-07 
4.820e-10 0.000e+00 2.409e-06 -3.469e-07 
4.830e-10 0.000e+00 -7.562e-07 2.737e-07 
4.840e-10 0.000e+00 1.547e-07 -6.028e-07 
4.850e-10 0.000e+00 1.615e-06 -9.872e-07 
4.860e-10 0.000e+00 -8.233e-07 8.515e-07 
4.870e-10 0.000e+00 -1.248e-06 4.603e-07 
4.880e-10 0.000e+00 1.773e-07 -6.617e-08 
4.890e-10 0.000e+00 4.693e-07 2.704e-06 
4.900e-10 0.000e+00 -3.035e-07 -7.786e-07 
4.910e-10 0.000e+00 -5.481e-07 -3.830e-06 
4.920e-10 0.000e+00 -1.192e-08 1.695e-06 
4.930e-10 0.000e+00 9.428e-07 2.557e-06 
4.940e-10 0.000e+00 3.775e-07 -1.284e-06 
4.950e-10 0.000e+00 -1.048e-06 -1.001e-06 
4.960e-10 0.000e+00 1.388e-06 2.807e-06 
4.970e-10 0.000e+00 1.910e-06 1.731e-06 
4.980e-10 0.000e+00 -2.700e-06 -4.634e-06 
4.990e-10 0.000e+00 -2.757e-06 -2.899e-06 
5.000e-10 0.000e+00 1.619e-06 3.454e-06 
